<!-- Different Presets can be loaded into the Scatterform Shader -->
<!-- Note: Some of these properties are overwritten with code (ScrollLogic) -->

<script context="module">
    export const dba12 = {
        "cam_spinX": 0.9752000000000001,
        "cam_rotateY": -0.1748,
        "cam_fov": -0.41356000000000001,
        "cam_zoom": 13.79283800000000002,
        "yscroll": 3,
        "yoffset": -0.2879,
        "pimod": 0.56943,
        "mod1A": -.6765,
        "mod1B": -6.6418,
        "mod1C": -1.0715953000000000002,
        "mod1D": 12.8323,
        "layer4Amp": 1,
        "layer2Amp": .93, // 1
        "color4": 4063444,
        "color3": 42239,
        "color2": 16711680,
        "glowColor": 11486620,
        "glowStrength": 0.0068000000000000005,
        "colorMod4": 0,
        "colorMod3": 0.7783,
        "light1Z": -2
    };
    
    export const dba41 = {
        "cam_spinX": 0.8866,
        "cam_rotateY": -1.3284,
        "cam_fov": -0.4,
        "cam_zoom": 25.8,
        "yscroll": 3,
        "pimod": 2.1033,
        "mod1A": -6.8095,
        "mod1B": -15.9736,
        "mod1C": -1.873,
        "mod1D": -10.9771,
        "layer4Amp": 1,
        "layer2Amp": 0.9468000000000001,
        "color4": 4063444,
        "color3": 42239,
        "color2": 16711680,
        "glowColor": 11486620,
        "glowStrength": 0.0068000000000000005,
        "colorMod4": 1,
        "colorMod3": 0.5616,
        "light1Z": -70
    }
    
    export const dba41_section2 = {
        "cam_spinX": 0.8866,
        "cam_rotateY": -1.3284,
        "cam_fov": -0.4,
        "cam_zoom": 25.8,
        "yscroll": 3,
        "pimod": 2.71033,
        "mod1A": -9.8095,
        "mod1B": 7.2,
        "mod1C": -2.4,
        "mod1D": -10.9771,
        "layer4Amp": 1,
        "layer2Amp": 0.9468000000000001,
        "color4": 4063444,
        "color3": 42239,
        "color2": 16711680,
        "glowColor": 11486620,
        "glowStrength": 0.0068000000000000005,
        "colorMod4": 1,
        "colorMod3": 0.5616,
        "light1Z": -70
    }
</script>